{"fixture_id": "shape_4x3_rank2_gap5_fp64_100step", "step_index": 1, "refresh_happened": true, "projection_orientation": "right", "projection_rank": 2, "raw_gradient": [[0.0907633629176136, 0.05256652709761637, 0.05076459127691334], [0.05455099262767948, 0.10535350027873105, 0.06327203009413772], [0.05331355330682658, 0.05912749804025979, 0.12196812394432191], [0.06923497595399909, 0.07531638644586075, 0.10387194551280331]], "projection_basis_before": null, "projection_basis_after": [[-0.4981441795825958, 0.46507135033607483], [-0.5570803880691528, 0.4751049280166626], [-0.664465069770813, -0.7469831705093384]], "invariant_projector_after": [[0.46443898455543753, 0.49846404330029515, -0.0164010647448265], [0.49846404330029515, 0.5360632513969961, 0.015265073471823598], [-0.0164010647448265, 0.015265073471823598, 0.9994976859697147]], "projected_gradient": [[-0.10822831995644082, 0.029265760484297316], [-0.12790668217869292, 0.02816092932547685], [-0.14054016381296713, -0.0382217639971624], [-0.14546556160664695, -0.009608205067879213]], "reconstructed_projected_gradient": [[0.06752397439934818, 0.07419618150965145, 0.050052907617107], [0.0768128106851551, 0.08463370044480704, 0.06395378222598429], [0.05223341720662704, 0.06013282056368833, 0.12193504420664474], [0.06799432193884018, 0.07647110593338405, 0.10383395202671947]], "remainder_gradient": [[0.023239388518265416, -0.021629654412035078, 0.0007116836598063392], [-0.022261818057475617, 0.02071979983392401, -0.0006817521318465691], [0.0010801361001995385, -0.0010053225234285396, 3.307973767717465e-05], [0.0012406540151589096, -0.001154719487523298, 3.79934860838399e-05]], "exp_avg_before": [[0.0, 0.0], [0.0, 0.0], [0.0, 0.0], [0.0, 0.0]], "exp_avg_after": [[-0.010822831995644079, 0.002926576048429731], [-0.012790668217869288, 0.0028160929325476845], [-0.01405401638129671, -0.0038221763997162393], [-0.014546556160664692, -0.000960820506787921]], "exp_avg_sq_before": [[0.0, 0.0], [0.0, 0.0], [0.0, 0.0], [0.0, 0.0]], "exp_avg_sq_after": [[1.1713369240593738e-05, 8.56484736724259e-07], [1.6360119345961173e-05, 7.930379404745028e-07], [1.9751537644575654e-05, 1.460903243054781e-06], [2.116022961353722e-05, 9.231760462641985e-08]], "bias_correction1": 0.09999999999999998, "bias_correction2": 0.0010000000000000009, "normalized_low_rank_update": [[-3.161353957481349, 3.1588643860507033], [-3.1614960334301228, 3.1587306240704063], [-3.1615662798663537, -3.1596635125481574], [-3.161590361644877, -3.15190403092797]], "raw_recovery_scale": [[39.86134631479464], [34.12287607901638], [30.689601398407913], [30.623144786598967]], "applied_recovery_scale": [[39.86134631479464], [34.12287607901638], [30.689601398407913], [30.623144786598967]], "candidate_recovery_update": [[0.92635331387064, -0.862187145187456, 0.02836866883012098], [-0.7596372588688496, 0.7070191621150131, -0.023263343511605715], [0.033148946371154626, -0.03085294752086348, 0.001015203963676386], [0.03799272753628664, -0.035361142054333314, 0.0011634800252930623]], "limiter_triggered": false, "limiter_factor": 1.0, "effective_recovery_update": [[0.92635331387064, -0.862187145187456, 0.02836866883012098], [-0.7596372588688496, 0.7070191621150131, -0.023263343511605715], [0.033148946371154626, -0.03085294752086348, 0.001015203963676386], [0.03799272753628664, -0.035361142054333314, 0.0011634800252930623]], "complete_update_before_weight_decay": [[3.9702607129395155, 2.3997331810192244, -0.23064058754298736], [2.284278705642166, 3.9689550850703514, -0.28207827743136377], [0.13859581066278215, 0.2292219168873652, 4.461981031046019], [0.1470603006207279, 0.2284137057970262, 4.456349106426125]], "step_size": 0.0022135943621178667, "adam_parameter_delta": [[-0.008788546730300974, -0.005312035840091329, 0.000510544704260709], [-0.005056466464315397, -0.008785656599810768, 0.0006244068845979863], [-0.0003067949050962899, -0.0005074043428957218, -0.009877016054200332], [-0.0003255318523454019, -0.0005056152913827462, -0.009864549257613863]], "weight_decay_contribution": [[2.1395731887951375e-05, 2.18237433112335e-06, -2.8221022079259844e-05], [-2.0393913320977274e-05, 1.0459725750639294e-05, 2.2737181845381278e-05], [2.5235098542550725e-05, -1.4135675745915458e-05, 6.8568402573731646e-06], [-1.0306326872602117e-05, 2.6868693297031856e-05, -7.099026167176074e-07]], "complete_applied_update": [[-0.00876715099841302, -0.0053098534657602045, 0.0004823236821814292], [-0.005076860377636383, -0.008775196874060115, 0.0006471440664433392], [-0.0002815598065536995, -0.0005215400186416308, -0.00987015921394295], [-0.0003358381792180065, -0.00047874659808572195, -0.00986525916023058]], "parameter_before": [[-0.2968647659547186, -0.025864740318813667, 0.4026469135708799], [0.2963980853354193, -0.14063899698075058, -0.32544129039004477], [-0.3601946128456283, 0.2024456292845451, -0.0880778447654163], [0.1475587728895185, -0.38333286038050085, 0.02000601521072254]], "parameter_after": [[-0.30563191695313163, -0.03117459378457387, 0.4031292372530613], [0.2913212249577829, -0.1494141938548107, -0.32479414632360143], [-0.360476172652182, 0.20192408926590347, -0.09794800397935925], [0.14722293471030048, -0.3838116069785866, 0.010140756050491959]], "previous_recovery_norm": null, "recovery_norm_after": 1.638448949367014, "dtype": "torch.float64", "finite": true}
{"fixture_id": "shape_4x3_rank2_gap5_fp64_100step", "step_index": 2, "refresh_happened": false, "projection_orientation": "right", "projection_rank": 2, "raw_gradient": [[8.380458916962619, -2.9988878075201115, -3.2173047654532154], [1.4117967273274845, 7.676128244690166, -2.139913371226544], [1.7832771737414015, -0.8574726296020514, 12.17419117568588], [1.4401685381852265, 0.9767816528009641, -3.6902404780769547]], "projection_basis_before": [[-0.4981441795825958, 0.46507135033607483], [-0.5570803880691528, 0.4751049280166626], [-0.664465069770813, -0.7469831705093384]], "projection_basis_after": [[-0.4981441795825958, 0.46507135033607483], [-0.5570803880691528, 0.4751049280166626], [-0.664465069770813, -0.7469831705093384]], "invariant_projector_after": [[0.46443898455543753, 0.49846404330029515, -0.0164010647448265], [0.49846404330029515, 0.5360632513969961, 0.015265073471823598], [-0.0164010647448265, 0.015265073471823598, 0.9994976859697147]], "projected_gradient": [[-0.3662686126759984, 4.875997483218961], [-3.557601136376985, 5.902031842172567], [-8.499972748379728, -8.671954271548577], [1.1904784196203464, 3.890402435863153]], "reconstructed_projected_gradient": [[2.450141311324285, 2.520651494161268, -3.3989153601338375], [4.517064217928331, 4.785954235175598, -2.0448167706136786], [0.20113446809425284, 0.6150799072967263, 12.1257388815755], [1.2162848185450685, 1.1851571892565578, -3.697096472251992]], "remainder_gradient": [[5.930317605638334, -5.519539301681379, 0.18161059468062213], [-3.1052674906008466, 2.890174009514568, -0.09509660061286551], [1.5821427056471487, -1.4725525368987777, 0.04845229411037977], [0.22388371964015796, -0.2083755364555937, 0.006855994175037239]], "exp_avg_before": [[-0.010822831995644079, 0.002926576048429731], [-0.012790668217869288, 0.0028160929325476845], [-0.01405401638129671, -0.0038221763997162393], [-0.014546556160664692, -0.000960820506787921]], "exp_avg_after": [[-0.046367410063679504, 0.4902336667654827], [-0.36727171503378075, 0.5927376678565495], [-0.8626458895811396, -0.8706353859146021], [0.10595594141743639, 0.3881755051302061]], "exp_avg_sq_before": [[1.1713369240593738e-05, 8.564847367242591e-07], [1.6360119345961176e-05, 7.930379404745027e-07], [1.9751537644575654e-05, 1.460903243054781e-06], [2.1160229613537216e-05, 9.231760462641987e-08]], "exp_avg_sq_after": [[0.00014585435250295378, 0.023776207084609646], [0.012672869604777441, 0.03483477211092147], [0.07226926850930501, 0.07520425033016949], [0.0014383779369656824, 0.01513532333825699]], "bias_correction1": 0.18999999999999995, "bias_correction2": 0.001998999999999973, "normalized_low_rank_update": [[-3.838991782824764, 3.1792818389560407], [-3.262467109213667, 3.17580416042288], [-3.208884698517656, -3.1747792833289172], [2.7936844929135485, 3.1552134536943033]], "raw_recovery_scale": [[1.0193897289627238], [0.6606785644821466], [0.3717366685236586], [1.0358351045328598]], "applied_recovery_scale": [[0.19243803229387732], [0.12472136937955842], [0.07017558740263712], [0.19554255220921038]], "candidate_recovery_update": [[6.04530485667453, -5.626561672740084, 0.1851319748882385], [-2.051583668023245, 1.9094760157096944, -0.06282828558004], [0.5881404585262785, -0.5474017742928136, 0.01801149439492106], [0.2319066161366685, -0.21584269558657063, 0.007101679442976376]], "limiter_triggered": true, "limiter_factor": 5.297236293738372, "effective_recovery_update": [[1.1412186509067788, -1.0621692823842863, 0.03494878548405982], [-0.3872932137175627, 0.3604664602118658, -0.01186057825177754], [0.11102779372358625, -0.1033372392581152, 0.003400168200201235], [0.04377879393652781, -0.04074628421649015, 0.0013406385989182615]], "complete_update_before_weight_decay": [[4.532182960928592, 2.5869502190279148, 0.2109547003021513], [2.7148613171076756, 3.686763110508193, -0.21633740357256626], [0.23301614092503403, 0.17591621098649016, 4.50709865801563], [0.11952050570964787, -0.09799566487690678, -4.211856472176811]], "step_size": 0.0016472170772921693, "adam_parameter_delta": [[-0.007465489170654166, -0.004261268578887499, -0.00034748818487275514], [-0.004471965924019675, -0.006072899155559892, 0.00035635466562177907], [-0.0003838281666164348, -0.00028977218690947893, -0.007424169878523964], [-0.0001968762180915282, 0.00016142013268584127, 0.006937841908073193]], "weight_decay_contribution": [[2.1916818428665007e-05, 2.480510365442296e-06, -2.8194722434773206e-05], [-2.0079448132363427e-05, 1.0884096510725943e-05, 2.2710645416058578e-05], [2.5260200057315893e-05, -1.411440219552958e-05, 7.376052170051826e-06], [-1.0291824094454629e-05, 2.6855513079213054e-05, -1.1955018570995608e-06]], "complete_applied_update": [[-0.00744357235222548, -0.0042587880685220555, -0.0003756829073074952], [-0.0044920453721520315, -0.006062015059049158, 0.0003790653110378184], [-0.00035856796655908685, -0.000303886589105018, -0.007416793826353921], [-0.0002071680421859845, 0.00018827564576506806, 0.006936646406216093]], "parameter_before": [[-0.30563191695313163, -0.03117459378457387, 0.4031292372530613], [0.2913212249577829, -0.1494141938548107, -0.32479414632360143], [-0.360476172652182, 0.20192408926590347, -0.09794800397935925], [0.14722293471030048, -0.3838116069785866, 0.010140756050491959]], "parameter_after": [[-0.3130754893053571, -0.03543338185309593, 0.40275355434575383], [0.28682917958563087, -0.15547620891385985, -0.3244150810125636], [-0.3608347406187411, 0.20162020267679845, -0.10536479780571317], [0.1470157666681145, -0.3836233313328215, 0.017077402456708052]], "previous_recovery_norm": 1.638448949367014, "recovery_norm_after": 1.654833448960684, "dtype": "torch.float64", "finite": true}
{"fixture_id": "shape_4x3_rank2_gap5_fp64_100step", "step_index": 3, "refresh_happened": false, "projection_orientation": "right", "projection_rank": 2, "raw_gradient": [[2.925423943591455, -0.38433208626863624, 1.960999478292161], [0.20258865933820716, 2.1811335979956086, -0.1519092559487905], [-0.3161133660438417, -0.15663998297794504, 2.1266785440609364], [0.5247664342733233, 1.175652282008484, -0.27661361767601783]], "projection_basis_before": [[-0.4981441795825958, 0.46507135033607483], [-0.5570803880691528, 0.4751049280166626], [-0.664465069770813, -0.7469831705093384]], "projection_basis_after": [[-0.4981441795825958, 0.46507135033607483], [-0.5570803880691528, 0.4751049280166626], [-0.664465069770813, -0.7469831705093384]], "invariant_projector_after": [[0.46443898455543753, 0.49846404330029515, -0.0164010647448265], [0.49846404330029515, 0.5360632513969961, 0.015265073471823598], [-0.0164010647448265, 0.015265073471823598, 0.9994976859697147]], "projected_gradient": [[-2.546194697709617, -0.28690081209142776], [-1.215046718347985, 1.243959160069965], [-1.1683725112720396, -1.8100287793393812], [-0.732542087600588, 1.0092377441524973]], "reconstructed_projected_gradient": [[1.1349427206562361, 1.2821271406230728, 1.9061675157014535], [1.1837982170026504, 1.2678898245801549, -0.12186045489130493], [-0.2597745624800559, -0.2090761809273659, 2.1284037585247546], [0.8342791377206529, 0.887578656224794, -0.2671349805771432]], "remainder_gradient": [[1.790481222935219, -1.6664592268917091, 0.05483196259070744], [-0.9812095576644433, 0.9132437734154537, -0.030048801057485586], [-0.05633880356378579, 0.052436197949420865, -0.0017252144638182365], [-0.3095127034473296, 0.28807362578369, -0.009478637098874643]], "exp_avg_before": [[-0.046367410063679504, 0.49023366676548275], [-0.36727171503378075, 0.5927376678565495], [-0.8626458895811396, -0.8706353859146021], [0.10595594141743639, 0.3881755051302061]], "exp_avg_after": [[-0.2963501388282732, 0.4125202188797917], [-0.45204921536520115, 0.6578598170778911], [-0.8932185517502296, -0.96457472525708], [0.022106138515633977, 0.45028172903243524]], "exp_avg_sq_before": [[0.0001458543525029538, 0.023776207084609646], [0.01267286960477744, 0.03483477211092147], [0.07226926850930501, 0.07520425033016949], [0.0014383779369656824, 0.015135323338256991]], "exp_avg_sq_after": [[0.006628815936795025, 0.023834742953503758], [0.014136535262940871, 0.036347371730732526], [0.07356209356589183, 0.07840525026187613], [0.0019735574691349448, 0.016138748839140758]], "bias_correction1": 0.2709999999999999, "bias_correction2": 0.002997000999999999, "normalized_low_rank_update": [[-3.639836039921351, 2.672004530356917], [-3.801986554393652, 3.4505996638774934], [-3.2932833085287876, -3.4447820877596484], [0.49759753744747653, 3.544426500895748]], "raw_recovery_scale": [[1.762204173644947], [2.952653233553751], [2.2121278234864556], [2.8700796033660154]], "applied_recovery_scale": [[0.49250679304312805], [0.8252175297134304], [0.6182529791047366], [0.8021395717776182]], "candidate_recovery_update": [[3.1551934838893514, -2.9366414048377014, 0.09662511332648825], [-2.8971715732317644, 2.6964921805979687, -0.08872368960679819], [-0.12462863490538843, 0.11599557244175733, -0.0038163949168935883], [-0.888326097146855, 0.8267942376294629, -0.027204443005188532]], "limiter_triggered": true, "limiter_factor": 3.578030188693526, "effective_recovery_update": [[0.8818241651117626, -0.8207424895735662, 0.02700511405181009], [-0.8097113273070597, 0.7536247707240725, -0.024796797379508573], [-0.03483163314250712, 0.032418835595155134, -0.0010666189818502056], [-0.24827238740297392, 0.23107525482655492, -0.007603189903526751]], "complete_update_before_weight_decay": [[3.9376600580707493, 2.4764213041093277, 0.44960660657114476], [2.689001190764138, 4.511033820800226, -0.07604941332830528], [0.0036288215497198018, 0.23040943329389907, 4.760399350023265], [1.152263514481487, 1.6378479231314855, -2.9858663176177753]], "step_size": 0.0014140741820727752, "adam_parameter_delta": [[-0.005568143425897031, -0.0035018434300759928, -0.0006357770944416076], [-0.0038024471594225173, -0.006378936460450706, 0.0001075395119493377], [-5.131422864808089e-06, -0.000325816030926922, -0.00673155781722392], [-0.0016293860867727101, -0.002316038462261749, 0.004222236470864005]], "weight_decay_contribution": [[2.230505429118779e-05, 2.7254657698220347e-06, -2.8148244407591857e-05], [-1.9811871269834587e-05, 1.132986017620174e-05, 2.2701527905043e-05], [2.5258791042912415e-05, -1.4090607065211008e-05, 7.846744893605598e-06], [-1.0177046640693926e-05, 2.701575588565583e-05, -1.490974724930044e-06]], "complete_applied_update": [[-0.005545838371605827, -0.0034991179643061726, -0.0006639253388492361], [-0.003822259030692332, -0.006367606600274495, 0.00013024103985442848], [2.012736817813554e-05, -0.0003399066379921323, -0.006723711072330316], [-0.001639563133413402, -0.002289022706376098, 0.004220745496139076]], "parameter_before": [[-0.3130754893053571, -0.03543338185309593, 0.40275355434575383], [0.28682917958563087, -0.15547620891385985, -0.3244150810125636], [-0.3608347406187411, 0.20162020267679845, -0.10536479780571317], [0.1470157666681145, -0.3836233313328215, 0.017077402456708052]], "parameter_after": [[-0.31862132767696294, -0.0389324998174021, 0.4020896290069046], [0.28300692055493853, -0.16184381551413435, -0.3242848399727092], [-0.36081461325056297, 0.20128029603880632, -0.11208850887804349], [0.1453762035347011, -0.3859123540391976, 0.021298147952847128]], "previous_recovery_norm": 1.654833448960684, "recovery_norm_after": 1.6713817935502908, "dtype": "torch.float64", "finite": true}
{"fixture_id": "shape_4x3_rank2_gap5_fp64_100step", "step_index": 4, "refresh_happened": false, "projection_orientation": "right", "projection_rank": 2, "raw_gradient": [[2.2972656789892016, -0.8537744840154905, 0.8373425952439957], [-0.8714881689055844, 1.7828462490483536, 0.2707360146751295], [-1.3621704965343602, 0.6307888582185095, 1.7750811818873877], [0.1754074375174428, 0.7293218438758076, 1.3716257709079367]], "projection_basis_before": [[-0.4981441795825958, 0.46507135033607483], [-0.5570803880691528, 0.4751049280166626], [-0.664465069770813, -0.7469831705093384]], "projection_basis_after": [[-0.4981441795825958, 0.46507135033607483], [-0.5570803880691528, 0.4751049280166626], [-0.664465069770813, -0.7469831705093384]], "invariant_projector_after": [[0.46443898455543753, 0.49846404330029515, -0.0164010647448265], [0.49846404330029515, 0.5360632513969961, 0.015265073471823598], [-0.0164010647448265, 0.015265073471823598, 0.9994976859697147]], "projected_gradient": [[-1.2251334120353157, 0.03727916003970753], [-0.7389565462526609, 0.23949961269097056], [-0.8523222388499994, -1.659771346291283], [-1.4050665034342442, -0.596499991144303]], "reconstructed_projected_gradient": [[0.6276305477166201, 0.7002093092603058, 0.7862114529462144], [0.4794913107593769, 0.5254456458002353, 0.3121086330397136], [-0.3473327388568777, -0.3137535424253124, 1.806159618477896], [0.4225106442553005, 0.49933490764156246, 1.379193066830831]], "remainder_gradient": [[1.6696351312725817, -1.5539837932757963, 0.05113114229778126], [-1.3509794796649612, 1.2574006032481182, -0.04137261836458411], [-1.0148377576774825, 0.9445424006438219, -0.03107843659050835], [-0.24710320673785768, 0.2299869362342451, -0.00756729592289429]], "exp_avg_before": [[-0.2963501388282732, 0.4125202188797917], [-0.45204921536520115, 0.6578598170778911], [-0.8932185517502296, -0.96457472525708], [0.02210613851563397, 0.4502817290324352]], "exp_avg_after": [[-0.38922846614897744, 0.3749961129957833], [-0.48073994845394713, 0.6160237966391992], [-0.8891289204602066, -1.0340943873605002], [-0.12061112567935381, 0.3456035570147614]], "exp_avg_sq_before": [[0.006628815936795024, 0.023834742953503758], [0.014136535262940871, 0.036347371730732526], [0.07356209356589183, 0.07840525026187613], [0.0019735574691349448, 0.016138748839140758]], "exp_avg_sq_after": [[0.008123138998143525, 0.02381229794632352], [0.014668455504927591, 0.036368384423480914], [0.07421498467116422, 0.08108168593358384], [0.003945795790738745, 0.01647842232973677]], "bias_correction1": 0.3439, "bias_correction2": 0.003994003998999962, "normalized_low_rank_update": [[-4.318548823303859, 2.430095256792507], [-3.969304649057968, 3.23022822230913], [-3.263753431393928, -3.6315938383848776], [-1.9200527240984417, 2.692260043868568]], "raw_recovery_scale": [[4.042849958719036], [6.588051543064081], [2.616904464002561], [2.1663395755676897]], "applied_recovery_scale": [[0.43451696670396334], [0.7080698522605033], [0.28125935947737646], [0.23283359779314575]], "candidate_recovery_update": [[6.750084321541209, -6.282523314495104, 0.20671553652784214], [-8.900322445654657, 8.283819984478471, -0.2725649422573997], [-2.6557334583045535, 2.471777224684513, -0.08132929944792185], [-0.5353094560059057, 0.49822980182780785, -0.016393332637797926]], "limiter_triggered": true, "limiter_factor": 9.304239577538596, "effective_recovery_update": [[0.7254847927429359, -0.6752323241613178, 0.022217348855340633], [-0.9565878405733408, 0.8903274593741628, -0.029294703773041258], [-0.28543261769782574, 0.2656613906043048, -0.00874110116900464], [-0.057533928650998906, 0.05354868580884208, -0.001761920735292881]], "complete_update_before_weight_decay": [[4.006912435836803, 2.8850967622724166, 1.0765019344820295], [2.52298476858803, 4.63624658067364, 0.19524346783565613], [-0.34856309254603973, 0.3584462895556608, 4.872648529735805], [2.1510221744081623, 2.4022784168071487, -0.7370268968581358]], "step_size": 0.001286382466214896, "adam_parameter_delta": [[-0.005154421901118883, -0.003711337888320603, -0.0013847932133640997], [-0.003245523368838889, -0.005963986310427336, -0.00025115777366678006], [0.00044838545062086564, -0.0004610990219641897, -0.006268089632679933], [-0.0027670372095981, -0.0030902488343471962, 0.0009480984772470806]], "weight_decay_contribution": [[2.266430247046573e-05, 2.9850686394005897e-06, -2.8049338505547837e-05], [-1.9583297803026978e-05, 1.1746546127719318e-05, 2.2717519842246323e-05], [2.522563594599595e-05, -1.405734379117895e-05, 8.28496189575064e-06], [-9.982641642757212e-06, 2.723018220114814e-05, -1.5572372501065948e-06]], "complete_applied_update": [[-0.005131757598648423, -0.003708352819681203, -0.0014128425518696308], [-0.003265106666641926, -0.005952239764299622, -0.0002284402538245689], [0.0004736110865668497, -0.0004751563657553748, -0.006259804670784172], [-0.0027770198512408473, -0.003063018652146088, 0.0009465412399969723]], "parameter_before": [[-0.31862132767696294, -0.0389324998174021, 0.4020896290069046], [0.28300692055493853, -0.16184381551413435, -0.3242848399727092], [-0.36081461325056297, 0.20128029603880632, -0.11208850887804347], [0.1453762035347011, -0.3859123540391976, 0.021298147952847128]], "parameter_after": [[-0.32375308527561136, -0.0426408526370833, 0.40067678645503496], [0.2797418138882966, -0.16779605527843397, -0.32451328022653375], [-0.3603410021639961, 0.20080513967305094, -0.11834831354882765], [0.14259918368346025, -0.3889753726913437, 0.0222446891928441]], "previous_recovery_norm": 1.6713817935502908, "recovery_norm_after": 1.6880956215857936, "dtype": "torch.float64", "finite": true}
{"fixture_id": "shape_4x3_rank2_gap5_fp64_100step", "step_index": 5, "refresh_happened": false, "projection_orientation": "right", "projection_rank": 2, "raw_gradient": [[2.2246242100714673, -0.47885506545782724, 0.08062813111292044], [-0.12811432913557064, 2.4808305211537207, -0.3839026775510799], [-0.440993258349654, -0.6136461420652444, 1.994385351886815], [-1.2074142765652875, 0.5318658428507632, -0.12623204166636953]], "projection_basis_before": [[-0.4981441795825958, 0.46507135033607483], [-0.5570803880691528, 0.4751049280166626], [-0.664465069770813, -0.7469831705093384]], "projection_basis_after": [[-0.4981441795825958, 0.46507135033607483], [-0.5570803880691528, 0.4751049280166626], [-0.664465069770813, -0.7469831705093384]], "invariant_projector_after": [[0.46443898455543753, 0.49846404330029515, -0.0164010647448265], [0.49846404330029515, 0.5360632513969961, 0.015265073471823598], [-0.0164010647448265, 0.015265073471823598, 0.9994976859697147]], "projected_gradient": [[-0.8949974130769422, 0.7468747269525339], [-1.0631127026539196, 1.4058413413699278], [-0.763670946150471, -1.9864119296731855], [0.3890511464530548, -0.21454849433132814]], "reconstructed_projected_gradient": [[0.7931877898614612, 0.8534293695840389, 0.03679166701256742], [1.183399936056564, 1.2601613862500993, -0.3437385662664355], [-0.5434050415156053, -0.5183279898201771, 1.9912489496806645], [-0.29358392213676776, -0.31866581060018556, -0.09824678264872352]], "remainder_gradient": [[1.431436420210006, -1.332284435041866, 0.04383646410035302], [-1.3115142651921345, 1.2206691349036214, -0.040164111284644366], [0.10241178316595129, -0.09531815224506723, 0.0031364022061506347], [-0.9138303544285198, 0.8505316534509488, -0.027985259017646008]], "exp_avg_before": [[-0.38922846614897744, 0.3749961129957833], [-0.48073994845394713, 0.6160237966391992], [-0.8891289204602066, -1.0340943873605002], [-0.12061112567935382, 0.34560355701476136]], "exp_avg_after": [[-0.4398053608417739, 0.4121839743914584], [-0.5389772238739443, 0.695005551112272], [-0.8765831230292331, -1.1293261415917686], [-0.06964489846611298, 0.2895883518801524]], "exp_avg_sq_before": [[0.008123138998143525, 0.02381229794632352], [0.014668455504927591, 0.036368384423480914], [0.07421498467116422, 0.08108168593358384], [0.003945795790738745, 0.01647842232973677]], "exp_avg_sq_after": [[0.0089160362285598, 0.02434630750613762], [0.015783995667966785, 0.03830840591616223], [0.0747239630004874, 0.0849464366019982], [0.004093210789504443, 0.01650797496382687]], "bias_correction1": 0.40950999999999993, "bias_correction2": 0.004990009995000988, "normalized_low_rank_update": [[-4.657683856252307, 2.641628659207177], [-4.2900117315215, 3.550904679100366], [-3.2067238935346674, -3.8747644671940757], [-1.0885552240368344, 2.2538800959496728]], "raw_recovery_scale": [[4.593525650457282], [3.1595861134402], [2.3633664627311184], [5.633696168268197]], "applied_recovery_scale": [[0.6145900635389985], [0.42273634196923227], [0.31620625528699525], [0.7537595192639629]], "candidate_recovery_update": [[6.575339913233412, -6.119882726069801, 0.20136392227032143], [-4.143842259879796, 3.8568092477465443, -0.12690196827362918], [0.24203657372290058, -0.22527172430549075, 0.007412467787652302], [-5.14824256619112, 4.791636917037424, -0.15766044649570532]], "limiter_triggered": true, "limiter_factor": 7.4741293798444275, "effective_recovery_update": [[0.8797466004489043, -0.8188087755843992, 0.026941455256760994], [-0.5544247429077886, 0.5160212048439042, -0.016978829482915722], [0.03238324645216919, -0.030140195982288405, 0.0009917499966807628], [-0.6888083286428579, 0.6410963302239707, -0.02109415538361834]], "complete_update_before_weight_decay": [[4.428490511400767, 3.0309463485394432, 1.1485575326089297], [3.234043665514594, 4.59295491701913, 0.18111807964928806], [-0.17224785344728685, -0.08465689820913463, 5.0261316123314845], [0.901664180084236, 2.3183386376094717, -0.9813977325149785]], "step_size": 0.0012074919283316969, "adam_parameter_delta": [[-0.005347366547209935, -0.003659843251067808, -0.0013868739498498523], [-0.0039050816219811262, -0.005545955989491978, -0.0002186986192514527], [0.00020798789271005993, 0.00010222252126512816, -0.006069013352623045], [-0.0010887522195175325, -0.0027993751920529397, 0.0011850298404948662]], "weight_decay_contribution": [[2.3037031627597493e-05, 3.2410487121705777e-06, -2.795029387536296e-05], [-1.9308571258642087e-05, 1.2133940788754817e-05, 2.2731238519204967e-05], [2.5209310998990028e-05, -1.4063515353602126e-05, 8.709212883101549e-06], [-9.90573020247599e-06, 2.7424232351837766e-05, -1.6400803323337278e-06]], "complete_applied_update": [[-0.005324329515582316, -0.003656602202355641, -0.0014148242437252434], [-0.003924390193239757, -0.00553382204870323, -0.00019596738073224262], [0.00023319720370901242, 8.815900591152559e-05, -0.006060304139739944], [-0.0010986579497200277, -0.002771950959701064, 0.0011833897601625301]], "parameter_before": [[-0.32375308527561136, -0.042640852637083296, 0.40067678645503496], [0.2797418138882966, -0.16779605527843397, -0.32451328022653375], [-0.3603410021639961, 0.20080513967305094, -0.11834831354882765], [0.14259918368346025, -0.3889753726913437, 0.0222446891928441]], "parameter_after": [[-0.3290774147911937, -0.04629745483943894, 0.3992619622113097], [0.27581742369505685, -0.1733298773271372, -0.324709247607266], [-0.3601078049602871, 0.20089329867896247, -0.12440861768856759], [0.14150052573374022, -0.39174732365104475, 0.02342807895300663]], "previous_recovery_norm": 1.6880956215857936, "recovery_norm_after": 1.7049765879016516, "dtype": "torch.float64", "finite": true}
{"fixture_id": "shape_4x3_rank2_gap5_fp64_100step", "step_index": 6, "refresh_happened": true, "projection_orientation": "right", "projection_rank": 2, "raw_gradient": [[1.2313874833913885, 0.3445640659931334, 0.4210080919682046], [0.11109724276816553, 1.7824134880515714, -0.7105923795609493], [-0.6851293867028889, 0.8016851266033276, 1.3068915108686139], [0.19647292535905764, 1.1428661339042308, 0.8273875503879796]], "projection_basis_before": [[-0.4981441795825958, 0.46507135033607483], [-0.5570803880691528, 0.4751049280166626], [-0.664465069770813, -0.7469831705093384]], "projection_basis_after": [[-0.05269285663962364, -0.384724885225296], [-0.9442865252494812, -0.2810218036174774], [-0.32487884163856506, 0.8792117834091187]], "invariant_projector_after": [[0.1507897744524611, 0.15787323564423894, -0.3211358582330931], [0.15787323564423894, 0.9706502958761591, 0.05970103136258764], [-0.3211358582330931, 0.05970103136258764, 0.8785596218298588]], "projected_gradient": [[-0.527029149971751, -0.20042014813374448], [-1.4581066411273138, -1.1684001204879126], [-1.1455004381895875, 1.187329740445405], [-1.3583465190554636, 0.3306905578453756]], "reconstructed_projected_gradient": [[0.10487728993195586, 0.5539889562418393, -0.0049911361192091774], [0.526344406458139, 1.7052163627996946, -0.5535631571146662], [-0.396435607747289, 0.7480150833011647, 1.4160631540471924], [-0.055649728516629915, 1.1897370575586348, 0.732045078774305]], "remainder_gradient": [[1.1265101934594326, -0.20942489024870592, 0.42599922808741375], [-0.41524716368997344, 0.07719712525187683, -0.15702922244628315], [-0.28869377895559994, 0.05367004330216285, -0.10917164317857853], [0.25212265387568755, -0.04687092365440404, 0.0953424716136746]], "exp_avg_before": [[-0.4398053608417739, 0.4121839743914584], [-0.5389772238739443, 0.695005551112272], [-0.8765831230292331, -1.1293261415917686], [-0.06964489846611298, 0.2895883518801524]], "exp_avg_after": [[-0.4485277397547716, 0.3509235621389381], [-0.6308901655992812, 0.5086649839522536], [-0.9034748545452685, -0.8976605533880512], [-0.19851506052504803, 0.29369857247667475]], "exp_avg_sq_before": [[0.0089160362285598, 0.02434630750613762], [0.015783995667966785, 0.03830840591616223], [0.0747239630004874, 0.0849464366019982], [0.004093210789504443, 0.01650797496382687]], "exp_avg_sq_after": [[0.009184879917251186, 0.024362129434409435], [0.0178942866491984, 0.03963525635180224], [0.07596141029137946, 0.08627124207794236], [0.005934222844545035, 0.01660082323391113]], "bias_correction1": 0.46855899999999995, "bias_correction2": 0.0059850199850060015, "normalized_low_rank_update": [[-4.680023510466693, 2.2482889374460133], [-4.71621196791747, 2.554987766570403], [-3.2780681974343144, -3.056170906264511], [-2.576949437260176, 2.279468800692217]], "raw_recovery_scale": [[9.208201589543256], [2.8706822484177756], [2.716488314366528], [2.4609385702559434]], "applied_recovery_scale": [[1.393095169621504], [0.4343012622932125], [0.4109734905646197], [0.37231174856683996]], "candidate_recovery_update": [[10.373132954049828, -1.9284266072780558, 3.9226867692187235], [-1.192042661510637, 0.22160841708944642, -0.45078100135939114], [-0.7842332769632007, 0.1457940454618709, -0.29656349295480083], [0.6204583633579687, -0.11534646384464456, 0.23463196577762424]], "limiter_triggered": true, "limiter_factor": 6.609886955566052, "effective_recovery_update": [[1.5693359090377215, -0.2917488030039858, 0.5934574669110654], [-0.18034236735423168, 0.033526808942297336, -0.06819798952534242], [-0.11864549004167366, 0.022056965034644153, -0.04486665126777557], [0.09386822611776942, -0.01745059554271403, 0.035497122319171494]], "complete_update_before_weight_decay": [[0.9509670135325909, 3.495716123526187, 4.090620210143637], [-0.9147990614925128, 3.7689749500848975, 3.7103748423684673], [1.229870288682145, 3.9763432529624367, -1.6669131253729794], [-0.6473133193380777, 1.7753476006510087, 2.8768292999394585]], "step_size": 0.0011557570687881632, "adam_parameter_delta": [[-0.0010990868480746608, -0.004040198620242147, -0.00472776322360123], [0.0010572854818407492, -0.004356019440646135, -0.004288291951921123], [-0.001421431279836928, -0.004595686822539456, 0.0019265466277055907], [0.0007481369445457129, -0.0020518705390085083, -0.003324915799101932]], "weight_decay_contribution": [[2.3112355114748786e-05, 3.523635742177676e-06, -2.7617393929139596e-05], [-1.9381229642382834e-05, 1.2438012773744836e-05, 2.30298277691431e-05], [2.5307046536808685e-05, -1.3740832829949612e-05, 8.573744974260341e-06], [-9.957406387480016e-06, 2.756594359330373e-05, -1.407221420773329e-06]], "complete_applied_update": [[-0.0010759744929598747, -0.004036674984499965, -0.004755380617530391], [0.0010379042521983517, -0.004343581427872389, -0.004265262124151958], [-0.0013961242333001, -0.004609427655369425, 0.0019351203726798577], [0.0007381795381582179, -0.002024304595415194, -0.003326323020522704]], "parameter_before": [[-0.3290774147911937, -0.04629745483943894, 0.3992619622113097], [0.27581742369505685, -0.1733298773271372, -0.324709247607266], [-0.3601078049602871, 0.20089329867896247, -0.12440861768856759], [0.14150052573374022, -0.39174732365104475, 0.02342807895300663]], "parameter_after": [[-0.33015338928415355, -0.0503341298239389, 0.3945065815937793], [0.2768553279472552, -0.1776734587550096, -0.32897450973141795], [-0.3615039291935872, 0.19628387102359304, -0.12247349731588773], [0.14223870527189844, -0.39377162824645995, 0.020101755932483926]], "previous_recovery_norm": 1.7049765879016516, "recovery_norm_after": 1.722026363880668, "dtype": "torch.float64", "finite": true}
{"fixture_id": "shape_4x3_rank2_gap5_fp64_100step", "step_index": 7, "refresh_happened": false, "projection_orientation": "right", "projection_rank": 2, "raw_gradient": [[1.8971471774894384, -0.42144503763286856, 0.9547503137631457], [0.3608208265204984, 2.247003649605564, 1.1215243382425513], [0.016356241126588213, -0.6543650397904508, 3.3629197201454333], [-0.7542632745255713, 0.1971799659184018, 0.39079928516704215]], "projection_basis_before": [[-0.05269285663962364, -0.384724885225296], [-0.9442865252494812, -0.2810218036174774], [-0.32487884163856506, 0.8792117834091187]], "projection_basis_after": [[-0.05269285663962364, -0.384724885225296], [-0.9442865252494812, -0.2810218036174774], [-0.32487884163856506, 0.8792117834091187]], "invariant_projector_after": [[0.1507897744524611, 0.15787323564423894, -0.3211358582330931], [0.15787323564423894, 0.9706502958761591, 0.05970103136258764], [-0.3211358582330931, 0.05970103136258764, 0.8785596218298588]], "projected_gradient": [[-0.012179410067166654, 0.2279832405602167], [-2.505187476471074, 0.21578364414576007], [-0.4754952306047189, 3.1343168353267514], [-0.27341251735103766, 0.5783673185286082]], "reconstructed_projected_gradient": [[-0.08706905814919602, -0.05256740864487598, 0.20440238415480042], [0.048988146825597156, 2.3049748683863935, 1.0036019280432749], [-1.1807944827117183, -0.4318076310917168, 2.9102066342803816], [-0.20810541365872418, 0.0956459289628113, 0.5973333035155767]], "remainder_gradient": [[1.9842162356386344, -0.3688776289879926, 0.7503479296083453], [0.31183267969490125, -0.05797121878082967, 0.1179224101992764], [1.1971507238383066, -0.22255740869873397, 0.45271308586505166], [-0.5461578608668471, 0.10153403695559052, -0.20653401834853452]], "exp_avg_before": [[-0.4485277397547716, 0.3509235621389381], [-0.6308901655992812, 0.5086649839522536], [-0.9034748545452685, -0.8976605533880512], [-0.198515060525048, 0.29369857247667475]], "exp_avg_after": [[-0.40489290678601114, 0.338629529981066], [-0.8183198966864604, 0.47937684997160424], [-0.8606768921512136, -0.494462814516571], [-0.20600480620764697, 0.3221654470818681]], "exp_avg_sq_before": [[0.009184879917251186, 0.024362129434409435], [0.0178942866491984, 0.03963525635180224], [0.07596141029137946, 0.08627124207794236], [0.005934222844545035, 0.01660082323391113]], "exp_avg_sq_after": [[0.00917584337536352, 0.024389743662951362], [0.024152356654816715, 0.03964218367653126], [0.0761115445954159, 0.09600891286007712], [0.006003043026344721, 0.016918731165819195]], "bias_correction1": 0.5217030999999999, "bias_correction2": 0.006979034965020947, "normalized_low_rank_update": [[-4.226809149449454, 2.1682953028541565], [-5.265511427803578, 2.4076651763917494], [-3.1197033625246546, -1.5957926444149435], [-2.6588021390017493, 2.4768044877075397]], "raw_recovery_scale": [[20.80746487691735], [2.302621795428123], [1.1053491399447624], [5.679995075658007]], "applied_recovery_scale": [[0.8049526656400589], [0.0890786822496064], [0.04276127543286287], [0.21973494628100443]], "candidate_recovery_update": [[41.286509631260046, -7.675408309048206, 15.612838190793298], [0.7180327247922363, -0.13348579187227055, 0.27153071189426947], [1.323269522978922, -0.24600364029348057, 0.5004060201026742], [-3.1021739602556027, 0.5767128299194322, -1.1731122071755364]], "limiter_triggered": true, "limiter_factor": 25.84930240633749, "effective_recovery_update": [[1.597200148083602, -0.2969290307488693, 0.6039945660957368], [0.027777644189585397, -0.005163999777399941, 0.010504372908249087], [0.051191691836700984, -0.009516838652990795, 0.019358588956736773], [-0.12000996821852496, 0.022310576156130198, -0.04538274142701521]], "complete_update_before_weight_decay": [[0.9857256351134778, 3.0850516370940912, 3.8835862065761817], [-0.6210562256591186, 4.290381079668074, 3.8380052197951224], [0.8295189158422752, 3.384829536487529, -0.3701554932175332], [-0.9327984105337623, 1.8369455449765455, 2.9960415084310665]], "step_size": 0.001120914042057598, "adam_parameter_delta": [[-0.0011049137060148413, -0.003458077700491548, -0.004353166312492442], [0.0006961506442485984, -0.004809148397978183, -0.004302073944358711], [-0.0009298194009200012, -0.0037941029574201823, 0.000414912490092289], [0.0010455868367763024, -0.002059058055859357, -0.00335830499738781]], "weight_decay_contribution": [[2.318808120931179e-05, 3.765454526710132e-06, -2.7310739069690086e-05], [-1.942860350140527e-05, 1.2773782500709146e-05, 2.3329360857304368e-05], [2.5370362401615508e-05, -1.34742837646321e-05, 8.544100937805682e-06], [-1.0029900447607233e-05, 2.7708148041162357e-05, -1.1720415654567283e-06]], "complete_applied_update": [[-0.0010817256248055185, -0.00345431224596484, -0.004380477051562137], [0.0006767220407472019, -0.0047963746154774944, -0.004278744583501415], [-0.0009044490385183845, -0.0038075772411848285, 0.0004234565910300886], [0.001035556936328702, -0.002031349907818225, -0.0033594770389532673]], "parameter_before": [[-0.33015338928415355, -0.0503341298239389, 0.3945065815937793], [0.2768553279472552, -0.1776734587550096, -0.32897450973141795], [-0.3615039291935872, 0.19628387102359304, -0.12247349731588773], [0.14223870527189844, -0.39377162824645995, 0.020101755932483926]], "parameter_after": [[-0.33123511490895907, -0.05378844206990374, 0.3901261045422172], [0.2775320499880024, -0.18246983337048708, -0.33325325431491937], [-0.3624083782321056, 0.19247629378240821, -0.12205004072485764], [0.14327426220822714, -0.3958029781542782, 0.01674227889353066]], "previous_recovery_norm": 1.722026363880668, "recovery_norm_after": 1.7392466376194746, "dtype": "torch.float64", "finite": true}
